7301||0.0||77867527786.08264||0.0||51627689832.42748||0.0||129495217618.51013||
7310||0.0||78553.66897778401||0.0||0.0||0.0||78553.66897778401||
7321||0.0||17840319686.251873||2069316342.9719758||6248744770.689372||0.0||22019748113.96927||
7327||0.0||182629716733.3209||5443988671.456275||78954506882.21786||0.0||256140234944.0825||
7329||0.0||10703943.943954406||15781164385.36846||13671511586.862898||0.0||-2098948854.5616074||
7350||0.0||0.0||153325345054.67734||36105365379.43258||0.0||0.0||
7361||0.0||0.0||110832665050.77399||68018284281.333435||0.0||0.0||
7370||0.0||144664814287.80664||4695979977469.946||3279216174658.978||0.0||-1272098988523.1616||
7390||0.0||88418955618.24434||259866452636.97797||165678193953.58746||0.0||-5769303065.146179||
7391||0.0||1031428147.026483||1662585273.809671||4429408696.058972||0.0||3798251569.2757845||
73.0||0.0||512463544756.3458||5244961494885.981||3703949880041.588||0.0||-868513709643.3629||
ПО КЛАССУ||0.0||512463544756.3458||5244961494885.981||3703949880041.588||0.0||-868513709643.3629||
