1010||74975624165.88272||0.0||15640681705689.371||14312543941883.586||1403113387971.668||0.0||
1011||58496794456.71168||0.0||0.0||34144530376696.703||-33396199337998.24||0.0||
1020||16521001749.353788||0.0||654759955289.7443||3865541431398.2505||-3194260474359.1523||0.0||
1030||20431402379.548042||0.0||9951931131495.572||5748850039946.008||4223512493929.1133||0.0||
1040||115251239713.37917||0.0||9668096244081.996||9866340607336.701||-82993123541.32617||0.0||
1050||0.0||0.0||1760172889001.325||8833195080781.041||0.0||0.0||
1051||0.0||0.0||330835936.5951902||196181767.4212974||0.0||0.0||
1060||78995478914.80794||0.0||22226269707237.758||21899749288825.543||405515897327.02344||0.0||
1080||33853967255.370644||0.0||47740325226371.305||58247261198579.52||-10473082004952.852||0.0||
1090||8926851.371667959||0.0||424384709.5536749||57662361.01722294||375649199.9081199||0.0||
1091||0.0||0.0||119441980.71364792||219218161.51626128||0.0||0.0||
10.0||398534435486.4256||0.0||108332945766035.69||156918485027737.34||-41114017512423.85||0.0||
1201||456934546927.3022||0.0||59987304079198.19||179480625448903.72||-119036386822778.22||0.0||
1202||1171285598.8094392||0.0||11397447166.781794||775961141.6509806||11792771623.940252||0.0||
1214||0.0||0.0||1682995712.7267907||747285783.2996991||0.0||0.0||
1220||31564757161.351383||0.0||45575176117.74715||184672513.0821073||76955260766.01642||0.0||
1240||213562112317.57748||0.0||19602981424712.12||19426182671605.742||390360865423.95703||0.0||
1274||23312747.028190225||0.0||938509632.108128||1795895631.5409245||-834073252.4046063||0.0||
12.0||703256014752.0687||0.0||79649879632539.67||198910311935579.06||-118558111998216.72||0.0||
1300||1601897757.1624959||0.0||78261451693.79239||8968698161.958588||70894651288.99629||0.0||
1301||3965077.5796058048||0.0||12938758103.90375||19895694584.6222||-6952971403.138845||0.0||
1302||41486871.1788506||0.0||4723155469.157131||1842121158.683344||2922521181.6526375||0.0||
1303||13112974.55689666||0.0||2179408761.4329762||1757338159.9170723||435183576.07280064||0.0||
13.0||1660462680.477849||0.0||98102774028.28625||32463852065.181202||67299384643.582886||0.0||
1501||25640174735.84811||0.0||7712721266313.632||10785028671241.3||-3046667230191.8213||0.0||
1502||9349640127.658598||0.0||88867385038416.22||44319339534564.29||44557395143979.586||0.0||
1516||8494406632.33365||0.0||232654003873.5986||268339479960.34195||-27191069454.4097||0.0||
1522||0.0||0.0||1501119022334.308||2129275744918.2004||0.0||0.0||
1531||34008507943.42418||0.0||795065469390.1859||1911620088912.1672||-1082546111578.5571||0.0||
1532||32158711292.23506||0.0||40821115940.94248||61810346714.32994||11169480518.84761||0.0||
1533||209003480716.41232||0.0||42244840293784.29||20721231510121.23||21732612264379.473||0.0||
1546||452037851.92007595||0.0||99205872128.22804||11419124536.713177||88238785443.43494||0.0||
1573||107661725.94644555||0.0||210644659.67304936||1083207867.284452||-764901481.664957||0.0||
1574||0.0||0.0||1920496428.3418026||728290130.4758366||333145670.8522266||0.0||
15.0||319214621025.7785||0.0||141495943223269.4||80209875998966.33||62232579507285.75||0.0||
1610||0.0||0.0||99966250.88138132||123325509.1280745||0.0||51504158.07037354||
1621||0.0||50847020735.75554||0.0||0.0||0.0||50847020735.75554||
1630||0.0||0.0||413913056545.0202||7525583893.372767||0.0||0.0||
1639||0.0||488526219192.1266||203246101684.67664||18856503258.775345||0.0||304136620766.2253||
1672||0.0||786953142.914519||0.0||1037929217.4153805||0.0||1824882360.3298993||
1673||0.0||10916984684.465569||7785218200.294011||4429161084.771366||0.0||7560927568.942924||
16.0||0.0||551077177755.2622||625044342680.8723||31972502963.462933||0.0||364420955589.32404||
1701||0.0||15846241555.891327||3828045945605.948||10221464832768.389||0.0||6409265128718.332||
1702||0.0||3447910.382749532||20150244164.678844||20491648444.872864||0.0||344852190.57676697||
1711||0.0||17575900.982161038||25341589.89114031||8165935.256206365||0.0||400246.3472270947||
1721||0.0||5892662.335265158||187127260550.74673||1087913797678.5244||0.0||900792429790.1129||
1731||0.0||39751470402.601974||14560120267090.879||3712910742844.403||0.0||-10807458053843.875||
1732||0.0||1043501540.5494353||0.0||0.0||0.0||1043501540.5494353||
1733||0.0||58951350243.66836||1440282102189.3733||153627536613.31912||0.0||-1227703215332.3857||
1734||0.0||379152308398.11316||525517330054.6083||199093630765.97913||0.0||52728609109.48401||
1744||0.0||71773325489.81726||59593516657.73232||1528039068706.8862||0.0||1540218877538.9712||
1773||0.0||8550410984.837535||52690524182.447556||19938904947.480663||0.0||-24201208250.12936||
1774||0.0||950712150.3916261||25246747241.84902||19145391098.03272||0.0||-5150643993.424675||
17.0||0.0||576046237239.5708||20698799279328.156||16962633719803.143||0.0||-3160119322285.4404||
1800||0.0||0.0||84512146881083.45||42754320836254.9||95604475901.32864||0.0||
1801||0.0||0.0||1768450134031.4917||415827997041.80756||0.0||0.0||
1802||4920245726.390613||0.0||2486202363275.1777||2563267205812.316||-72144596810.74756||0.0||
1803||0.0||0.0||1159942569085.264||14284163833556.396||0.0||0.0||
1806||0.0||0.0||902920160.5392444||1462146876.2429266||0.0||0.0||
1809||754634701.9167132||0.0||40780233345763.17||47740893906675.73||-6959905926210.641||0.0||
1810||0.0||0.0||754954542406.6743||67781949513890.7||0.0||0.0||
1811||0.0||0.0||11274236454485.959||10218425953019.166||0.0||0.0||
1812||0.0||1967370373.7732458||2485185790392.326||6347395148188.825||0.0||3864176728170.2725||
1813||0.0||0.0||14927219081730.127||12884010580446.66||0.0||0.0||
1814||0.0||18042219.05132995||62103092464875.25||61255456723298.37||0.0||-847617699357.8281||
1816||0.0||0.0||138846482.71941566||177337504.24508372||0.0||0.0||
1819||0.0||2787326.2966431165||105450079465.99142||132478906813.23619||0.0||27031614673.541412||
18.0||5674880428.307325||1988199919.1212187||222358155473238.12||266379830089378.56||-6936446047120.06||3043590643485.986||
1921||0.0||143307715.0309169||1164296070.6192553||1132735512.9408913||0.0||111747157.35255289||
1923||0.0||7766063985.615823||16420383959.134508||8205230237.702156||0.0||-449089735.8165283||
1924||0.0||169206887.74134958||123745145.89541222||1349760879.7447357||0.0||1395222621.590673||
19.0||0.0||8078578588.388089||17708425175.649178||10687726630.387783||0.0||1057880043.1266975||
ПО КЛАССУ||1428340414373.0574||1137190193502.3423||573276578916296||719456260853123.5||-104308696665831.31||248950156832.99634||
